[-1.95, -2.0749987012616877]
[-1.95, -2.0749987012616877]
[-1.95, -2.0749987012616877]
[-1.95, -2.0749987012616877]
[-1.95, -2.0749987012616877]
[-1.95, -2.0749987012616877]
[-1.95, -2.0749987012616877]
[-1.95, -2.0749987012616877]
[-1.95, -2.0749987012616877]
[-1.95, -2.0749987012616877]
[-1.95, -2.0749987012616877]
[-1.95, -2.0749987012616877]
[-1.95, -2.0749987012616877]
[-1.95, -2.0749987012616877]
[-1.95, -2.0749987012616877]
[-1.95, -2.0749987012616877]
[-1.95, -2.0749987012616877]
[-1.95, -2.0749987012616877]
[-1.95, -2.0749987012616877]
[-1.95, -2.0749987012616877]
[-1.95, -2.0749987012616877]
[-1.95, -2.0749987012616877]
[-1.95, -2.0749987012616877]
[-1.95, -2.0749987012616877]
[-1.95, -2.0749987012616877]
[-1.95, -2.0749987012616877]
[-1.9479226929335656, -2.0750696288480444]
[-1.9016092171045518, -2.0753872309662906]
[-1.843042470507059, -2.076308325318011]
[-1.8001119418929594, -2.0773077749544515]
[-1.743049522421177, -2.0777878096991387]
[-1.7001106247706868, -2.078466398797273]
[-1.6720602132377664, -2.0783213565251244]
[-1.6157875984931522, -2.077213457126145]
[-1.5568325218482464, -2.072481168807207]
[-1.512962562474059, -2.0703466528872165]
[-1.483790836219225, -2.0692415548602723]
[-1.4107797062278318, -2.066297948059627]
[-1.3523670638838476, -2.0639499216253543]
[-1.293926990801469, -2.0616027235622814]
[-1.2355308990464475, -2.059255700208639]
[-1.1478915511816976, -2.055737156900479]
[-1.104086921472486, -2.053978174486054]
[-1.0456677122434461, -2.051631638026074]
[-0.9872425432858474, -2.0492887922937917]
[-0.9142137369548055, -2.0463591707189943]
[-0.8558054202969132, -2.044021225853705]
[-0.8119847823285664, -2.0422699433010267]
[-0.7243372967414944, -2.0387618890291237]
[-0.6805151989718292, -2.0370115921028935]
[-0.6366775205098683, -2.0352592277287505]
[-0.5928681939645408, -2.0335124889513727]
[-0.5344413358900472, -2.0311794796123737]
[-0.5052097785427208, -2.030014821791904]
[-0.47599260496229523, -2.0288487743806254]
[-0.4321890459421616, -2.027097946054695]
