[-1.9499999999999151, -2.4249999992557467]
[-1.95, -1.5500000007450574]
[-1.9499999999999151, -2.4249999992557467]
[-1.95, -1.5500000007450574]
[-1.9499999999999151, -2.4249999992557467]
[-1.95, -1.5500000007450574]
[-1.9499999999999151, -2.4249999992557467]
[-1.95, -1.5500000007450574]
[-1.9499999999999151, -2.4249999992557467]
[-1.95, -1.5500000007450574]
[-1.9499999999999151, -2.4249999992557467]
[-1.95, -1.5500000007450574]
[-1.9499999999999151, -2.4249999992557467]
[-1.95, -1.5500000007450574]
[-1.9499999999999151, -2.4249999992557467]
[-1.95, -1.5500000007450574]
[-1.9499999999999151, -2.4249999992557467]
[-1.95, -1.5500000007450574]
[-1.9499999999999151, -2.4249999992557467]
[-1.95, -1.5500000007450574]
[-1.9499999999999151, -2.4249999992557467]
[-1.95, -1.5500000007450574]
[-1.9499999999999151, -2.4249999992557467]
[-1.95, -1.5500000007450574]
[-1.9499999999999151, -2.4249999992557467]
[-1.95, -1.5500000007450574]
[-1.9499999999999151, -2.4249999992557467]
[-1.95, -1.5500000007450574]
[-1.9499999999999151, -2.4249999992557467]
[-1.95, -1.5500000007450574]
[-1.9499999999999151, -2.4249999992557467]
[-1.95, -1.5500000007450574]
[-1.9499999999999151, -2.4249999992557467]
[-1.95, -1.5500000007450574]
[-1.9499999999999151, -2.4249999992557467]
[-1.95, -1.5500000007450574]
[-1.9499999999999151, -2.4249999992557467]
[-1.95, -1.5500000007450574]
[-1.9499999999999151, -2.4249999992557467]
[-1.95, -1.5500000007450574]
[-1.9499999999999151, -2.4249999992557467]
[-1.95, -1.5500000007450574]
[-1.9499999999999151, -2.4249999992557467]
[-1.95, -1.5500000007450574]
[-1.9499999999999151, -2.4249999992557467]
[-1.95, -1.5500000007450574]
[-1.9499999999999151, -2.4249999992557467]
[-1.95, -1.5500000007450574]
[-1.9499999999999151, -2.4249999992557467]
[-1.95, -1.5500000007450574]
[-1.9499999999999151, -2.4249999992557467]
[-1.95, -1.5500000007450574]
[-1.9483783829091654, -2.425061861025137]
[-1.9481090264684475, -1.5500000007450572]
[-1.917347380565009, -2.425077029154779]
[-1.915729610532165, -1.5500000007450576]
[-1.8584334430661957, -2.4252608162256943]
[-1.8571279420832931, -1.5500000007450576]
[-1.814171928349246, -2.4249999992556908]
[-1.8143838586891263, -1.5500000007450574]
[-1.7704533841007302, -2.424999999255673]
[-1.7600852762763721, -1.550000000745057]
[-1.710439373538752, -2.424999999255648]
[-1.7048857844365213, -1.5500000007450574]
[-1.6662399622559323, -2.424999999255629]
[-1.6781053077850996, -1.5500000007450574]
[-1.637049040444224, -2.4249999992556175]
[-1.639287150516694, -1.5497468482808114]
[-1.5787286823516722, -2.4249999992555935]
[-1.5786920088707597, -1.5500000007450572]
[-1.5220350906527178, -2.4249999992555704]
[-1.5187746138800131, -1.5494528631498439]
[-1.4780957469892424, -2.424999999255552]
[-1.4896636422623024, -1.5500000007450576]
[-1.4488701607925205, -2.4249999992555393]
[-1.4459239275736593, -1.5494063221847294]
[-1.375824198782908, -2.4249999992555096]
[-1.3728846266683095, -1.5494130204267613]
[-1.3028035959178825, -2.4244126489257085]
[-1.314448744704387, -1.5500000007450572]
[-1.258994690166418, -2.424999999255461]
[-1.2560403390703467, -1.5494133143373021]
[-1.1713834898939544, -2.4244137174414018]
[-1.1684059800538538, -1.5500000007450567]
[-1.1129578482949225, -2.4249999992554003]
[-1.1099995854789257, -1.5494138153626325]
[-1.0545359676989146, -2.4244126915788926]
[-1.0515797572737424, -1.5500000007450567]
[-1.0107373225021465, -2.424999999255358]
[-1.007739109279897, -1.5494145520486646]
[-0.9377072818520528, -2.4244142158205975]
[-0.9347181662463353, -1.549414956369639]
[-0.8792863978645201, -2.424999999255304]
[-0.8763131509783525, -1.5500000007450574]
[-0.8208828700097166, -2.42499999925528]
[-0.8178786335044721, -1.549416417753578]
[-0.7478343648345515, -2.4244166862147885]
[-0.7448313710850663, -1.5500000007450572]
[-0.6893999455755435, -2.424999999255226]
[-0.6864087046053416, -1.5494155879565654]
[-0.6455821783333183, -2.4249999992552076]
[-0.6425631364572892, -1.5494158945811818]
[-0.6017760174128711, -2.4249999992551894]
[-0.5987534582848977, -1.5494180047291377]
[-0.5433368769548919, -2.4244165082539477]
[-0.540325962225989, -1.550000000745057]
[-0.4995116965308176, -2.4249999992551468]
[-0.511085853487332, -1.5500000007450574]
[-0.4702952950259591, -2.4249999992551348]
[-0.48186798882181914, -1.5500000007450574]
[-0.4410862854051982, -2.4249999992551228]
[-0.4380696844708092, -1.5500000007450574]
